The objective is: 
389995.00
Location: 0(load: 1185)
 Route 0(load: 20) 26
 Route 1(load: 139) 163 91 162 32 185 155 190 69 68
 Route 2(load: 146) 133 174 176 195 181 125 80 186 199 138
 Route 3(load: 149) 5 119 10 107 44 74 86 27 128
 Route 4(load: 148) 154 156 130 84 95 152 31 115 48 93
 Route 5(load: 150) 61 19 63 178 184 42 182 59 187 111
 Route 6(load: 141) 73 169 88 106 135 24 194 2 179 76
 Route 7(load: 150) 198 43 20 141 81 166 57 14 112 30
 Route 8(load: 142) 33 158 4 53 52 109 71 127 37
Location: 1(load: 766)
 Route 0(load: 119) 25 7 149 21 188 1 123 137
 Route 1(load: 141) 9 97 13 83 87 129 15 150 122
 Route 2(load: 121) 18 55 58 153 100 85 192 66
 Route 3(load: 149) 159 143 90 151 116 67 94 146 117
 Route 4(load: 90) 45 56 132 89 96 22 157
 Route 5(load: 146) 193 54 148 161 92 17 177 171 175
Location: 5(load: 1147)
 Route 0(load: 149) 51 164 110 165 50 6 11 168 104 41
 Route 1(load: 142) 82 101 60 147 118 180 62 114 197
 Route 2(load: 142) 113 99 105 121 64 28 172 39 46
 Route 3(load: 146) 103 8 170 142 173 139 102 70 47
 Route 4(load: 140) 12 3 167 145 140 189 136 98 183
 Route 5(load: 143) 35 34 38 191 0 134 23 29
 Route 6(load: 140) 144 160 75 126 36 78 108 77 49
 Route 7(load: 145) 120 196 16 79 131 72 124 65 40
