The objective is: 44524.22

Location: 0(load: 29760335)
 Route 0(load: 7393809) 0
 Route 1(load: 6509495) 114 43 30 22 106 129 139 45 16 130 4 144
 Route 2(load: 7924028) 69 83 110 74 14 136 92 86 147 12 42 53 95 27 55 146 148 75 47 46 72
 Route 3(load: 7933003) 124 79 119 28 77 133 59 99 36 70 23 149 60 116 35 90 76 102 131 85 97 78 50 123 113

Location: 5(load: 20472668)
 Route 0(load: 5281707) 108 1 48 94 49 98 137 101
 Route 1(load: 1688267) 5
 Route 2(load: 5926334) 121 140 11 100 111 33 134 9 40 19 132 117 107
 Route 3(load: 7576360) 39 138 67 31 127 58 15 71 103 87 105 34 38 115 29 80 54 89 37

Location: 8(load: 27735382)
 Route 0(load: 7858578) 125 7 104 62 21 2 135 68 61 118 142 52 109
 Route 1(load: 7573312) 57 3 24 63 91 145 20 51 126 66 13 56
 Route 2(load: 7880882) 141 93 122 82 120 112 6 10 96 41 32 25 88 143 73 81 84 128 65
 Route 3(load: 1302045) 8
 Route 4(load: 3120565) 26 64 18 44 17
